-0.82584631074 1.57079632679 
-0.82631851353 1.55822995618 
-0.82772463665 1.54566358557 
-0.82938046055 1.53667409137 
-0.83002003438 1.53309721495 
-0.83311785143 1.52053084434 
-0.83699186533 1.50796447372 
-0.84156827736 1.49539810311 
-0.84194683116 1.49449890637 
-0.84667374430 1.48283173249 
-0.85230340952 1.47026536188 
-0.85451320178 1.46576147008 
-0.85831187027 1.45769899127 
-0.86464682647 1.44513262065 
-0.86707957239 1.44059123064 
-0.87120355701 1.43256625004 
-0.87794331745 1.41999987942 
-0.87964594301 1.41696070950 
-0.88476588337 1.40743350881 
-0.89167138405 1.39486713819 
-0.89221231362 1.39391560117 
-0.89855014609 1.38230076758 
-0.90477868423 1.37097673144 
-0.90543509533 1.36973439697 
-0.91223166873 1.35716802635 
-0.91734505485 1.34772138545 
-0.91896937172 1.34460165574 
-0.92558852480 1.33203528512 
-0.92991142546 1.32380100688 
-0.93210251440 1.31946891451 
-0.93847799122 1.30690254389 
-0.94247779608 1.29895702641 
-0.94472278106 1.29433617328 
-0.95081528223 1.28176980266 
-0.95504416669 1.27292848599 
-0.95676688498 1.26920343205 
-0.96255626222 1.25663706144 
-0.96761053731 1.24543138932 
-0.96820505303 1.24407069082 
-0.97368427854 1.23150432021 
-0.97902371777 1.21893794959 
-0.98017690792 1.21620157127 
-0.98420057236 1.20637157898 
-0.98923232150 1.19380520836 
-0.99274327853 1.18484380288 
-0.99411753157 1.18123883775 
-0.99885110470 1.16867246714 
-1.00344804157 1.15610609652 
-1.00530964915 1.15092869209 
-1.00790124539 1.14353972591 
-1.01221740733 1.13097335529 
-1.01640300880 1.11840698468 
-1.01787601976 1.11390377972 
-1.02045485475 1.10584061406 
-1.02437960267 1.09327424345 
-1.02818159491 1.08070787283 
-1.03044239038 1.07304777874 
-1.03186132844 1.06814150222 
-1.03542237275 1.05557513161 
-1.03886899397 1.04300876099 
-1.04220293128 1.03044239038 
-1.04300876099 1.02734293555 
-1.04542714973 1.01787601976 
-1.04854514097 1.00530964915 
-1.05155866141 0.99274327853 
-1.05446956332 0.98017690792 
-1.05557513161 0.97528262388 
-1.05728208735 0.96761053731 
-1.05999882046 0.95504416669 
-1.06262039668 0.94247779608 
-1.06514856715 0.92991142546 
-1.06758509230 0.91734505485 
-1.06814150222 0.91439902096 
-1.06993601988 0.90477868423 
-1.07220117265 0.89221231362 
-1.07438094878 0.87964594301 
-1.07647688496 0.86707957239 
-1.07849049476 0.85451320178 
-1.08042326236 0.84194683116 
-1.08070787283 0.84003815874 
-1.08228199070 0.82938046055 
-1.08406429377 0.81681408993 
-1.08577053213 0.80424771932 
-1.08740192565 0.79168134870 
-1.08895965476 0.77911497809 
-1.09044485784 0.76654860748 
-1.09185862892 0.75398223686 
-1.09320201598 0.74141586625 
-1.09327424345 0.74071059824 
-1.09448144004 0.72884949563 
-1.09569292097 0.71628312502 
-1.09683698544 0.70371675440 
-1.09791442617 0.69115038379 
-1.09892598994 0.67858401318 
-1.09987237684 0.66601764256 
-1.10075423956 0.65345127195 
-1.10157218296 0.64088490133 
-1.10232676355 0.62831853072 
-1.10301848920 0.61575216010 
-1.10364781881 0.60318578949 
-1.10421516208 0.59061941887 
-1.10472087920 0.57805304826 
-1.10516528069 0.56548667765 
-1.10554862713 0.55292030703 
-1.10584061406 0.54155052029 
-1.10587131371 0.54035393642 
-1.10613474815 0.52778756580 
-1.10633728119 0.51522119519 
-1.10647894927 0.50265482457 
-1.10655973897 0.49008845396 
-1.10657958645 0.47752208335 
-1.10653837685 0.46495571273 
-1.10643594369 0.45238934212 
-1.10627206814 0.43982297150 
-1.10604647834 0.42725660089 
-1.10584061406 0.41827444688 
-1.10575940991 0.41469023027 
-1.10541178795 0.40212385966 
-1.10500178465 0.38955748905 
-1.10452891475 0.37699111843 
-1.10399263388 0.36442474782 
-1.10339233740 0.35185837720 
-1.10272735908 0.33929200659 
-1.10199696976 0.32672563597 
-1.10120037582 0.31415926536 
-1.10033671764 0.30159289474 
-1.09940506791 0.28902652413 
-1.09840442984 0.27646015352 
-1.09733373525 0.26389378290 
-1.09619184258 0.25132741229 
-1.09497753472 0.23876104167 
-1.09368951677 0.22619467106 
-1.09327424345 0.22236897393 
-1.09233387469 0.21362830044 
-1.09090551561 0.20106192983 
-1.08939960738 0.18849555922 
-1.08781450236 0.17592918860 
-1.08614845975 0.16336281799 
-1.08439964228 0.15079644737 
-1.08256611294 0.13823007676 
-1.08070787283 0.12606941846 
-1.08064634038 0.12566370614 
-1.07865352895 0.11309733553 
-1.07657005148 0.10053096491 
-1.07439350177 0.08796459430 
-1.07212135138 0.07539822369 
-1.06975094487 0.06283185307 
-1.06814150222 0.05464176057 
-1.06728665305 0.05026548246 
-1.06473231426 0.03769911184 
-1.06207131354 0.02513274123 
-1.05930038339 0.01256637061 
-1.05641609841 0.00000000000 
-1.05557513161 -0.00353082239 
-1.05343271782 -0.01256637061 
-1.05033594214 -0.02513274123 
-1.04711471739 -0.03769911184 
-1.04376484349 -0.05026548246 
-1.04300876099 -0.05300423163 
-1.04030418498 -0.06283185307 
-1.03671223782 -0.07539822369 
-1.03297780852 -0.08796459430 
-1.03044239038 -0.09618913709 
-1.02910663964 -0.10053096491 
-1.02510328718 -0.11309733553 
-1.02094108865 -0.12566370614 
-1.01787601976 -0.13458362570 
-1.01662399606 -0.13823007676 
-1.01216020856 -0.15079644737 
-1.00751819544 -0.16336281799 
-1.00530964915 -0.16913794482 
-1.00271085135 -0.17592918860 
-0.99772749181 -0.18849555922 
-0.99274327853 -0.20058056746 
-0.99254442134 -0.20106192983 
-0.98718930777 -0.21362830044 
-0.98161498762 -0.22619467106 
-0.98017690792 -0.22933326437 
-0.97584265457 -0.23876104167 
-0.96984113393 -0.25132741229 
-0.96761053731 -0.25584380240 
-0.96361642499 -0.26389378290 
-0.95714449313 -0.27646015352 
-0.95504416669 -0.28040548642 
-0.95042737011 -0.28902652413 
-0.94343510750 -0.30159289474 
-0.94247779608 -0.30326115099 
-0.93617772359 -0.31415926536 
-0.92991142546 -0.32458581054 
-0.92861476898 -0.32672563597 
-0.92075239958 -0.33929200659 
-0.91734505485 -0.34454967165 
-0.91256160094 -0.35185837720 
-0.90477868423 -0.36331867227 
-0.90401933839 -0.36442474782 
-0.89512110621 -0.37699111843 
-0.89221231362 -0.38096103623 
-0.88583353708 -0.38955748905 
-0.87964594301 -0.39761094232 
-0.87613055638 -0.40212385966 
-0.86707957239 -0.41335446154 
-0.86598683648 -0.41469023027 
-0.85537611066 -0.42725660089 
-0.85451320178 -0.42824782472 
-0.84426376540 -0.43982297150 
-0.84194683116 -0.44235809418 
-0.83260943880 -0.45238934212 
-0.82938046055 -0.45575324977 
-0.82037131111 -0.46495571273 
-0.81681408993 -0.46848253926 
-0.80750167522 -0.47752208335 
-0.80424771932 -0.48059084960 
-0.79394600538 -0.49008845396 
-0.79168134870 -0.49211894271 
-0.77964187066 -0.50265482457 
-0.77911497809 -0.50310368817 
-0.76654860748 -0.51356996812 
-0.76451417744 -0.51522119519 
-0.75398223686 -0.52355410110 
-0.74847692850 -0.52778756580 
-0.74141586625 -0.53308627012 
-0.73143256691 -0.54035393642 
-0.72884949563 -0.54219094061 
-0.71628312502 -0.55088426628 
-0.71325274941 -0.55292030703 
-0.70371675440 -0.55918882420 
-0.69379097738 -0.56548667765 
-0.69115038379 -0.56712773199 
-0.67858401318 -0.57471234468 
-0.67285300127 -0.57805304826 
-0.66601764256 -0.58196193095 
-0.65345127195 -0.58888993338 
-0.65021065649 -0.59061941887 
-0.64088490133 -0.59551010564 
-0.62831853072 -0.60183339042 
-0.62553963835 -0.60318578949 
-0.61575216010 -0.60787423759 
-0.60318578949 -0.61363895356 
-0.59840168023 -0.61575216010 
-0.59061941887 -0.61914149088 
-0.57805304826 -0.62438832930 
-0.56819546887 -0.62831853072 
-0.56548667765 -0.62938522243 
-0.55292030703 -0.63414968929 
-0.54035393642 -0.63867562698 
-0.53393357155 -0.64088490133 
-0.52778756580 -0.64297863547 
-0.51522119519 -0.64706608531 
-0.50265482457 -0.65093339176 
-0.49402792891 -0.65345127195 
-0.49008845396 -0.65459230046 
-0.47752208335 -0.65805632386 
-0.46495571273 -0.66131550806 
-0.45238934212 -0.66437396451 
-0.44520882894 -0.66601764256 
-0.43982297150 -0.66724488051 
-0.42725660089 -0.66993514114 
-0.41469023027 -0.67243614647 
-0.40212385966 -0.67475100756 
-0.38955748905 -0.67688262755 
-0.37861351922 -0.67858401318 
-0.37699111843 -0.67883603820 
-0.36442474782 -0.68062631202 
-0.35185837720 -0.68224010855 
-0.33929200659 -0.68367925389 
-0.32672563597 -0.68494533629 
-0.31415926536 -0.68603969815 
-0.30159289474 -0.68696342717 
-0.28902652413 -0.68771734708 
-0.27646015352 -0.68830200767 
-0.26389378290 -0.68871767422 
-0.25132741229 -0.68896431641 
-0.23876104167 -0.68904159661 
-0.22619467106 -0.68894885753 
-0.21362830044 -0.68868510940 
-0.20106192983 -0.68824901646 
-0.18849555922 -0.68763888295 
-0.17592918860 -0.68685263847 
-0.16336281799 -0.68588782273 
-0.15079644737 -0.68474156976 
-0.13823007676 -0.68341059143 
-0.12566370614 -0.68189116043 
-0.11309733553 -0.68017909250 
-0.10259774557 -0.67858401318 
-0.10053096491 -0.67827400433 
-0.08796459430 -0.67619095619 
-0.07539822369 -0.67390259160 
-0.06283185307 -0.67140265217 
-0.05026548246 -0.66868430385 
-0.03887923652 -0.66601764256 
-0.03769911184 -0.66574386436 
-0.02513274123 -0.66260840972 
-0.01256637061 -0.65923286622 
0.00000000000 -0.65560768866 
0.00699644580 -0.65345127195 
0.01256637061 -0.65174508375 
0.02513274123 -0.64764203232 
0.03769911184 -0.64325807341 
0.04410331058 -0.64088490133 
0.05026548246 -0.63860864867 
0.06283185307 -0.63368271406 
0.07539822369 -0.62843541320 
0.07566423303 -0.62831853072 
0.08796459430 -0.62291252154 
0.10053096491 -0.61703661642 
0.10314155908 -0.61575216010 
0.11309733553 -0.61083924925 
0.12566370614 -0.60426189629 
0.12762259604 -0.60318578949 
0.13823007676 -0.59732398746 
0.14968132157 -0.59061941887 
0.15079644737 -0.58996132521 
0.16336281799 -0.58218930263 
0.16970662302 -0.57805304826 
0.17592918860 -0.57394949090 
0.18810463170 -0.56548667765 
0.18849555922 -0.56521119762 
0.20106192983 -0.55595761476 
0.20499181005 -0.55292030703 
0.21362830044 -0.54612679384 
0.22062941640 -0.54035393642 
0.22619467106 -0.53567066807 
0.23514863777 -0.52778756580 
0.23876104167 -0.52453228930 
0.24865727332 -0.51522119519 
0.25132741229 -0.51264176648 
0.26124963799 -0.50265482457 
0.26389378290 -0.49991325613 
0.27300771799 -0.49008845396 
0.27646015352 -0.48624118840 
0.28400224659 -0.47752208335 
0.28902652413 -0.47149548515 
0.29429370811 -0.46495571273 
0.30159289474 -0.45551543106 
0.30393327626 -0.45238934212 
0.31295706662 -0.43982297150 
0.31415926536 -0.43807764879 
0.32139866195 -0.42725660089 
0.32672563597 -0.41886424800 
0.32930494611 -0.41469023027 
0.33669420664 -0.40212385966 
0.33929200659 -0.39746230742 
0.34359478408 -0.38955748905 
0.35002908637 -0.37699111843 
0.35185837720 -0.37320513073 
0.35601629814 -0.36442474782 
0.36157272739 -0.35185837720 
0.36442474782 -0.34494012239 
0.36671470106 -0.33929200659 
0.37145657605 -0.32672563597 
0.37580362829 -0.31415926536 
0.37699111843 -0.31043441850 
0.37977627513 -0.30159289474 
0.38337757185 -0.28902652413 
0.38661040901 -0.27646015352 
0.38948127086 -0.26389378290 
0.38955748905 -0.26351732355 
0.39201076962 -0.25132741229 
0.39418827818 -0.23876104167 
0.39601665134 -0.22619467106 
0.39749816306 -0.21362830044 
0.39863397633 -0.20106192983 
0.39942405344 -0.18849555922 
0.39986706270 -0.17592918860 
0.39996028248 -0.16336281799 
0.39969950332 -0.15079644737 
0.39907892940 -0.13823007676 
0.39809108063 -0.12566370614 
0.39672669700 -0.11309733553 
0.39497464687 -0.10053096491 
0.39282184097 -0.08796459430 
0.39025315358 -0.07539822369 
0.38955748905 -0.07247071657 
0.38726163471 -0.06283185307 
0.38381902838 -0.05026548246 
0.37989869804 -0.03769911184 
0.37699111843 -0.02940621613 
0.37547656219 -0.02513274123 
0.37052032838 -0.01256637061 
0.36499145077 0.00000000000 
0.36442474782 0.00117840572 
0.35883265489 0.01256637061 
0.35200669298 0.02513274123 
0.35185837720 0.02538519498 
0.34440538010 0.03769911184 
0.33929200659 0.04542798510 
0.33597126597 0.05026548246 
0.32672563597 0.06265927407 
0.32659096562 0.06283185307 
0.31605358910 0.07539822369 
0.31415926536 0.07750129746 
0.30417558904 0.08796459430 
0.30159289474 0.09049831478 
0.29064190671 0.10053096491 
0.28902652413 0.10192463845 
0.27646015352 0.11196060378 
0.27490658627 0.11309733553 
0.26389378290 0.12074744136 
0.25600109079 0.12566370614 
0.25132741229 0.12844591373 
0.23876104167 0.13510260436 
0.23196769710 0.13823007676 
0.22619467106 0.14079484727 
0.21362830044 0.14555866863 
0.20106192983 0.14943974567 
0.19544753097 0.15079644737 
0.18849555922 0.15244219116 
0.17592918860 0.15457874141 
0.16336281799 0.15584318876 
0.15079644737 0.15621379737 
0.13823007676 0.15565411920 
0.12566370614 0.15410694893 
0.11309733553 0.15148555790 
0.11080697906 0.15079644737 
0.10053096491 0.14771290752 
0.08796459430 0.14258856870 
0.07978844835 0.13823007676 
0.07539822369 0.13587202841 
0.06283185307 0.12719865834 
0.06105333894 0.12566370614 
0.05026548246 0.11600567702 
0.04768469341 0.11309733553 
0.03769911184 0.10111202586 
0.03731362231 0.10053096491 
0.02940385110 0.08796459430 
0.02513274123 0.08046238491 
0.02289856075 0.07539822369 
0.01784434847 0.06283185307 
