-0.82584631074 1.57079632679 
-0.89221231362 1.39391560117 
-0.97902371777 1.21893794959 
-1.04220293128 1.03044239038 
-1.08228199070 0.82938046055 
-1.10421516208 0.59061941887 
-1.10399263388 0.36442474782 
-1.08070787283 0.12606941846 
-1.03671223782 -0.07539822369 
-0.96761053731 -0.25584380240 
-0.86707957239 -0.41335446154 
-0.74141586625 -0.53308627012 
-0.57805304826 -0.62438832930 
-0.37861351922 -0.67858401318 
-0.13823007676 -0.68341059143 
0.06283185307 -0.63368271406 
0.22062941640 -0.54035393642 
0.33669420664 -0.40212385966 
0.39749816306 -0.21362830044 
0.36442474782 0.00117840572 
