-1.71570092455 -0.45364475829 
-1.60002046721 -0.42305793960 
-1.51148232896 -0.39964776260 
-1.41691257918 -0.37464278028 
-1.31822595421 -0.34854926393 
-1.21064288626 -0.32010345839 
-1.12396034316 -0.29718391528 
-1.05188790069 -0.27812739716 
-1.00491619958 -0.26570771160 
-0.96761053731 -0.25584380240 
-0.92865354114 -0.24554326758 
-0.88283074537 -0.23342736159 
-0.82261606840 -0.21750612952 
-0.75124470309 -0.19863498170 
-0.67408491375 -0.17823332924 
-0.61563367975 -0.16277836530 
-0.56426935158 -0.14919723475 
-0.50704323386 -0.13406620115 
-0.43627424813 -0.11535432721 
-0.35231911352 -0.09315593225 
