4.40313754771 0.61244979920 
4.44441494098 0.65261044177 
4.47918935947 0.68875502008 
4.51554273584 0.72891566265 
4.54902616240 0.76822677284 
4.57900405638 0.80522088353 
4.60995802462 0.84538152610 
4.63943032015 0.88554216867 
4.66759067439 0.92570281124 
4.69457571176 0.96586345382 
4.72042771092 1.00602409639 
4.74525026920 1.04618473896 
4.76922608658 1.08634538153 
4.79240246978 1.12650602410 
4.81482543784 1.16666666667 
4.83654116101 1.20682730924 
4.85758944712 1.24698795181 
4.87800386351 1.28714859438 
4.89983930207 1.33132530120 
4.91921068085 1.37148594378 
