-0.21491941185 -0.45145281748 
-0.21430665376 -0.45542482146 
-0.21417262765 -0.45624804503 
-0.21338971247 -0.46104389619 
-0.21259086130 -0.46583095369 
-0.21177661267 -0.47060916237 
-0.21094746381 -0.47537848931 
-0.21046909271 -0.47810102331 
-0.21009242765 -0.48014392965 
-0.20920722296 -0.48490730815 
-0.20830720520 -0.48966198927 
-0.20739283539 -0.49440794966 
-0.20646456677 -0.49914517172 
-0.20596192459 -0.50168817653 
-0.20550954857 -0.50387906654 
-0.20452513669 -0.50861063961 
-0.20352682253 -0.51333364427 
-0.20251502926 -0.51804806906 
-0.20149017293 -0.52275390749 
-0.20072959752 -0.52620993793 
-0.20044456733 -0.52745423422 
-0.19936343418 -0.53215460970 
-0.19826916180 -0.53684655002 
-0.19716214018 -0.54153005281 
-0.19604275348 -0.54620511971 
-0.19491137943 -0.55087175647 
-0.19471300422 -0.55168791382 
-0.19374121963 -0.55553944880 
-0.19255291457 -0.56020083314 
-0.19135246995 -0.56485391665 
-0.19014024155 -0.56949870723 
-0.18891658014 -0.57413521611 
-0.18784935516 -0.57814086786 
-0.18767717239 -0.57876496851 
-0.18639644157 -0.58339619737 
-0.18510407863 -0.58801925213 
-0.18380041510 -0.59263414517 
-0.18248577752 -0.59724089191 
-0.18116048790 -0.60183951058 
-0.18007244829 -0.60558491306 
-0.17981810040 -0.60643202759 
-0.17843509618 -0.61102533643 
-0.17704119079 -0.61561060062 
-0.17563668980 -0.62018783857 
-0.17422189451 -0.62475707120 
-0.17279710210 -0.62931832184 
-0.17136260564 -0.63387161618 
-0.17131222755 -0.63403129870 
-0.16988084898 -0.63842705364 
-0.16838745207 -0.64297493454 
-0.16688405224 -0.64751491559 
-0.16537092880 -0.65204702177 
-0.16384835740 -0.65657128014 
-0.16231661004 -0.66108771975 
-0.16149692503 -0.66349345705 
-0.16075677434 -0.66560100445 
-0.15916557854 -0.67011177895 
-0.15756487773 -0.67461476755 
-0.15595493201 -0.67910999818 
-0.15433599816 -0.68359750059 
-0.15270832972 -0.68807730628 
-0.15107217700 -0.69254944842 
-0.15054958388 -0.69397346813 
-0.14939823667 -0.69702029624 
-0.14770157266 -0.70148643237 
-0.14599606427 -0.70594491216 
-0.14428195167 -0.71039576728 
-0.14255947211 -0.71483903095 
-0.14082885991 -0.71927473786 
-0.13909034653 -0.72370292414 
-0.13839194138 -0.72547596287 
-0.13731688023 -0.72812877257 
-0.13551688350 -0.73255051362 
-0.13370860150 -0.73696471682 
-0.13189225695 -0.74137141655 
-0.13006806997 -0.74577064853 
-0.12823625806 -0.75016244975 
-0.12639703612 -0.75454685843 
-0.12494222456 -0.75799855872 
-0.12454055255 -0.75892556554 
-0.12263898180 -0.76330301446 
-0.12072959834 -0.76767303057 
-0.11881260952 -0.77203565020 
-0.11688822029 -0.77639091085 
-0.11495663324 -0.78073885111 
-0.11301804860 -0.78507951066 
-0.11107266429 -0.78941293021 
-0.11011635898 -0.79153622048 
-0.10909522562 -0.79374264984 
-0.10708612820 -0.79806843844 
-0.10506980966 -0.80238692211 
-0.10304646142 -0.80669813958 
-0.10101627269 -0.81100213054 
-0.09897943056 -0.81529893563 
-0.09693611994 -0.81958859639 
-0.09488652363 -0.82387115523 
-0.09382750192 -0.82607702922 
-0.09280553456 -0.82814948965 
-0.09069098329 -0.83242366569 
-0.08856971039 -0.83669065179 
-0.08644189296 -0.84095048833 
-0.08430770610 -0.84520321651 
-0.08216732287 -0.84944887836 
-0.08002091438 -0.85368751664 
-0.07786864972 -0.85791917490 
-0.07598679390 -0.86160464776 
-0.07570375385 -0.86214450699 
-0.07348541861 -0.86636697311 
-0.07126077943 -0.87058234950 
-0.06903000022 -0.87479067762 
-0.06679324298 -0.87899199966 
-0.06455066779 -0.88318635847 
-0.06230243280 -0.88737379759 
-0.06004869426 -0.89155436117 
-0.05778960655 -0.89572809397 
-0.05650349493 -0.89809733393 
-0.05550080936 -0.89989655352 
-0.05317404303 -0.90406007293 
-0.05084146612 -0.90821662870 
-0.04850322898 -0.91236626343 
-0.04615948094 -0.91650902028 
-0.04381037091 -0.92064494295 
-0.04145604827 -0.92477407555 
-0.03909666410 -0.92889646265 
-0.03673237289 -0.93301214918 
-0.03528515417 -0.93552433551 
-0.03434035783 -0.93712202266 
-0.03190704347 -0.94122640818 
-0.02946845535 -0.94532393597 
-0.02702479727 -0.94941464838 
-0.02457629300 -0.95349858837 
-0.02212318863 -0.95757579974 
-0.01966575295 -0.96164632738 
-0.01720427527 -0.96571021757 
-0.01473905994 -0.96976751837 
-0.01227041742 -0.97381827983 
-0.01223865978 -0.97387033431 
-0.00973793451 -0.97786316075 
-0.00720101706 -0.98190130597 
-0.00466070105 -0.98593275913 
-0.00211718552 -0.98995757539 
0.00042939143 -0.99397581087 
0.00297895687 -0.99798752184 
0.00553150112 -1.00199276392 
0.00808706953 -1.00599159132 
0.01064574899 -1.00998405638 
0.01273333381 -1.01323317112 
0.01321935222 -1.01397005675 
0.01584831949 -1.01794892638 
0.01848156499 -1.02192124645 
0.02111917213 -1.02588705837 
0.02376118707 -1.02984640276 
0.02640761376 -1.03379932003 
0.02905841369 -1.03774585095 
0.03171350961 -1.04168603707 
0.03437279175 -1.04561992101 
0.03703612556 -1.04954754655 
0.03970335945 -1.05346895868 
0.03973544577 -1.05351605731 
0.04243953252 -1.05738158858 
0.04518086498 -1.06128771731 
0.04792639821 -1.06518741968 
0.05067596630 -1.06908074152 
0.05342940929 -1.07296772924 
0.05618657395 -1.07684842969 
0.05894731390 -1.08072289011 
0.06171148924 -1.08459115802 
0.06447896596 -1.08845328122 
0.06724961527 -1.09230930772 
0.06886326537 -1.09455025947 
0.07005177927 -1.09615746692 
0.07289703082 -1.09999683367 
0.07574585374 -1.10382987887 
0.07859813124 -1.10765664888 
0.08145374899 -1.11147719031 
0.08431259484 -1.11529154998 
0.08717455851 -1.11909977495 
0.09003953144 -1.12290191250 
0.09290740665 -1.12669801014 
0.09577807858 -1.13048811555 
0.09865144305 -1.13427227663 
0.10021521815 -1.13632768661 
0.10155949451 -1.13804767755 
0.10450883729 -1.14181353572 
0.10746129877 -1.14557320776 
0.11041677674 -1.14932674017 
0.11337517010 -1.15307417966 
0.11633637879 -1.15681557314 
0.11930030379 -1.16055096770 
0.12226684711 -1.16428041063 
0.12523591176 -1.16800394940 
0.12820740173 -1.17172163162 
0.13118122197 -1.17543350508 
0.13389150620 -1.17880893573 
0.13416374817 -1.17913888159 
0.13721480475 -1.18283081794 
0.14026861492 -1.18651668880 
0.14332508460 -1.19019654068 
0.14638412059 -1.19387042023 
0.14944563062 -1.19753837425 
0.15250952326 -1.20120044974 
0.15557570801 -1.20485669379 
0.15864409518 -1.20850715367 
0.16171459598 -1.21215187674 
0.16478712245 -1.21579091052 
0.16786158748 -1.21942430262 
0.16999269114 -1.22193807989 
0.17096086680 -1.22304889128 
0.17411414233 -1.22666042469 
0.17726977280 -1.23026604476 
0.18042767165 -1.23386579791 
0.18358775313 -1.23745973070 
0.18674993227 -1.24104788981 
0.18991412491 -1.24463032203 
0.19308024767 -1.24820707425 
0.19624821794 -1.25177819346 
0.19941795390 -1.25534372676 
0.20258937446 -1.25890372131 
0.20576239933 -1.26245822436 
0.20861977959 -1.26565292721 
0.20894462390 -1.26600601657 
0.21219781375 -1.26953676270 
0.21545301556 -1.27306173212 
0.21871014932 -1.27658097101 
0.22196913574 -1.28009452562 
0.22522989626 -1.28360244231 
0.22849235306 -1.28710476751 
0.23175642901 -1.29060154772 
0.23502204770 -1.29409282952 
0.23828913342 -1.29757865955 
0.24155761115 -1.30105908451 
0.24482740659 -1.30453415113 
0.24809844609 -1.30800390622 
0.24987374828 -1.30988406057 
0.25140681739 -1.31146146512 
0.25475963325 -1.31490526420 
0.25811409050 -1.31834345320 
0.26147011560 -1.32177607797 
0.26482763566 -1.32520318438 
0.26818657847 -1.32862481839 
0.27154687245 -1.33204102599 
0.27490844671 -1.33545185322 
0.27827123097 -1.33885734617 
0.28163515560 -1.34225755096 
0.28500015161 -1.34565251372 
0.28836615064 -1.34904228063 
0.29173308496 -1.35242689789 
0.29385566478 -1.35455727982 
0.29513086084 -1.35579988742 
0.29858094398 -1.35915638907 
0.30203234855 -1.36250743056 
0.30548500675 -1.36585305723 
0.30893885135 -1.36919331446 
0.31239381578 -1.37252824764 
0.31584983403 -1.37585790221 
0.31930684069 -1.37918232362 
0.32276477096 -1.38250155734 
0.32622356061 -1.38581564885 
0.32968314599 -1.38912464363 
0.33314346405 -1.39242858718 
0.33660445229 -1.39572752499 
0.34006604879 -1.39902150256 
0.34066617529 -1.39959183931 
0.34359695661 -1.40229371814 
0.34714328216 -1.40555711307 
0.35069058962 -1.40881522574 
0.35423881683 -1.41206810091 
0.35778790221 -1.41531578333 
0.36133778473 -1.41855831777 
0.36488840390 -1.42179574902 
0.36843969978 -1.42502812185 
0.37199161298 -1.42825548101 
0.37554408450 -1.43147787131 
0.37909705638 -1.43469533738 
0.38265047223 -1.43790792359 
0.38620424962 -1.44111568138 
0.38975851338 -1.44431860656 
0.39040529100 -1.44490079432 
0.39338230316 -1.44749796669 
