4.69457571176 0.61244979920 
4.69457571176 0.65261044177 
4.69457571176 0.68875502008 
4.69457571176 0.72891566265 
4.69457571176 0.76822677284 
4.69457571176 0.80522088353 
4.69457571176 0.84538152610 
4.69457571176 0.88554216867 
4.69457571176 0.92570281124 
4.69457571176 0.96586345382 
4.69457571176 1.00602409639 
4.69457571176 1.04618473896 
4.69457571176 1.08634538153 
4.69457571176 1.12650602410 
4.69457571176 1.16666666667 
4.69457571176 1.20682730924 
4.69457571176 1.24698795181 
4.69457571176 1.28714859438 
4.69457571176 1.33132530120 
4.69457571176 1.37148594378 
