0.43652406408 -0.24381702459 
0.44016092570 -0.24198051661 
0.44289905009 -0.24056729715 
0.44924761298 -0.23721978381 
0.45373083504 -0.23478999675 
0.45556984833 -0.23377225030 
0.46185531400 -0.23024331980 
0.46728545072 -0.22710323036 
0.46811209336 -0.22661555250 
0.47432527190 -0.22291827599 
0.48050835240 -0.21912207308 
0.48082929868 -0.21892386867 
0.48664380264 -0.21526394223 
0.49274543318 -0.21131243915 
0.49436436583 -0.21025266096 
0.49880096062 -0.20729476951 
0.50481700884 -0.20319467474 
0.50787010955 -0.20108000120 
0.51078900587 -0.19902237501 
0.51671613139 -0.19477945834 
0.52133370674 -0.19140033267 
0.52260158575 -0.19045661317 
0.52843697900 -0.18607605113 
0.53423212479 -0.18160955541 
0.53474754405 -0.18121013016 
0.53997449777 -0.17709277024 
0.54567408580 -0.17249542279 
0.54810810758 -0.17050680125 
0.55132418383 -0.16783727816 
0.55692619070 -0.16311349454 
0.56138177592 -0.15927841457 
0.56248194637 -0.15831676447 
0.56798455041 -0.15347081107 
0.57344195526 -0.14854602757 
0.57456641823 -0.14752358233 
0.57884556947 -0.14357409799 
0.58420090211 -0.13853301042 
0.58764537017 -0.13523657276 
0.58950589676 -0.13342982546 
0.59475773085 -0.12827646476 
0.59996141826 -0.12304898673 
0.60059344566 -0.12241045758 
0.60510943027 -0.11778258872 
0.61020748843 -0.11244840451 
0.61341012328 -0.10904408419 
0.61525316419 -0.10705739546 
0.62024447842 -0.10162040082 
0.62518517452 -0.09611373927 
0.62606183912 -0.09513006891 
0.63006982104 -0.09057077853 
0.63490208742 -0.08496666536 
0.63854347577 -0.08066680041 
0.63968108546 -0.07930517525 
0.64440407844 -0.07360740608 
0.64907438163 -0.06784420256 
0.65083358658 -0.06565024179 
0.65368894167 -0.06204140517 
0.65824867640 -0.05618972937 
0.66275447678 -0.05027528189 
0.66290509337 -0.05007679622 
0.66720314644 -0.04433750317 
0.67159729980 -0.03833966080 
0.67476105222 -0.03394578400 
0.67593588252 -0.03229261283 
0.68021792644 -0.02621502719 
0.68444451056 -0.02007858539 
0.68636641923 -0.01725390259 
0.68861461875 -0.01390627657 
0.69272834653 -0.00769501156 
0.69678568661 -0.00142736782 
0.69770244776 -0.00000000000 
0.69770244776 -0.00000000000 
0.70046483407 0.00445415798 
0.70322722038 0.00890831596 
0.70598960669 0.01336247393 
0.70875199299 0.01781663191 
0.70875199299 0.01781663191 
0.71244730695 0.02399919402 
0.71622021479 0.03045608798 
0.71950455549 0.03619673386 
0.71993544381 0.03695979612 
0.72359453231 0.04347850690 
0.72719548493 0.05004767682 
0.72993383448 0.05514024293 
0.73073861781 0.05665676266 
0.73422563756 0.06328317354 
0.73765394350 0.06995780643 
0.74001873507 0.07464643787 
0.74102444449 0.07666715982 
0.74433885619 0.08339455087 
0.74759405990 0.09016798949 
0.74973979073 0.09471416176 
0.75079148947 0.09697268884 
0.75393298235 0.10379449417 
0.75701485119 0.11066023396 
0.75907699832 0.11534171650 
0.76003885207 0.11755554686 
0.76300733153 0.12446535169 
0.76591584394 0.13141703767 
0.76800984985 0.13652681550 
0.76876612722 0.13839842124 
0.77156170352 0.14538995889 
0.77429703812 0.15242138276 
0.77651736666 0.15826653931 
0.77697336948 0.15948448354 
0.77959634734 0.16655163265 
0.78215887299 0.17365672990 
0.78457813552 0.18055729441 
0.78466105895 0.18079738342 
0.78711192800 0.18793416524 
0.78950219460 0.19510701249 
0.79183167256 0.20231496589 
0.79217814033 0.20339677607 
0.79410949482 0.20952181832 
0.79632822480 0.21675663095 
0.79848609750 0.22402474169 
0.79929103725 0.22677937663 
0.80059045107 0.23129931712 
0.80263853147 0.23859044711 
0.80462573788 0.24591311947 
0.80589240639 0.25069896698 
0.80655652487 0.25325184475 
0.80843499985 0.26059377878 
0.81025263319 0.26796555057 
0.81195935245 0.27514901486 
0.81200974090 0.27536503680 
0.81371980469 0.28275239476 
0.81536910554 0.29016793590 
0.81695756224 0.29761078666 
0.81748462433 0.30012797374 
0.81849538302 0.30505251010 
0.81997773267 0.31250662154 
0.82139937934 0.31998645658 
0.82243170696 0.32562374811 
0.82276440734 0.32748078191 
0.82408132136 0.33496839488 
0.82533771374 0.34248019341 
0.82653355222 0.35001534826 
0.82678510409 0.35163086216 
0.82768288083 0.35754048114 
0.82877570028 0.36507935157 
0.82980820080 0.37264010681 
0.83052394714 0.37814150682 
0.83078559617 0.38021054043 
0.83171664333 0.38777172040 
0.83258764111 0.39535336022 
0.83339859895 0.40295467490 
0.83362500710 0.40514621573 
0.83416398986 0.41054552182 
0.83487543084 0.41814345948 
0.83552714675 0.42575971225 
0.83606480057 0.43263458563 
0.83612130196 0.43338940838 
0.83667523628 0.44099918682 
0.83716978959 0.44862596627 
0.83760500609 0.45626900615 
0.83782974789 0.46060080165 
0.83799080418 0.46390975398 
0.83833036959 0.47154277878 
0.83861097949 0.47919081429 
0.83883269746 0.48685314546 
0.83888872703 0.48902925666 
0.83901277360 0.49449992014 
0.83914106392 0.50214884583 
0.83921087605 0.50981088144 
0.83922229060 0.51748533758 
0.83922219095 0.51790959050 
0.83919924069 0.52513342872 
0.83911953399 0.53279123926 
0.83898187115 0.54046034805 
0.83881432941 0.54723350818 
0.83878946904 0.54813531457 
0.83856270063 0.55578510201 
0.83827843506 0.56344510951 
0.83793677327 0.57111469186 
0.83764004194 0.57698649417 
0.83754434591 0.57878377188 
0.83711601319 0.58643105532 
0.83663076340 0.59408689743 
0.83608870872 0.60175067797 
0.83567646057 0.60715448826 
0.83549854024 0.60941003061 
0.83487230465 0.61704868325 
0.83418975935 0.62469431878 
0.83345102591 0.63234634136 
0.83290235095 0.63772379997 
0.83266525230 0.63999242548 
0.83184487402 0.64761663755 
0.83096881512 0.65524634001 
0.83003720496 0.66288096055 
0.82929610033 0.66867977689 
0.82905778752 0.67051052464 
0.82804710607 0.67811479529 
0.82698139005 0.68572314404 
0.82586077531 0.69333502106 
0.82483576308 0.70000674163 
0.82468947639 0.70094508954 
0.82349239385 0.70852421641 
0.82224093583 0.71610608564 
0.82093524364 0.72369016868 
0.81957546322 0.73127594254 
0.81950067726 0.73168932934 
0.81819407274 0.73882709108 
0.81676083354 0.74637763674 
0.81527403405 0.75392915281 
0.81373382470 0.76148113590 
0.81327185135 0.76371310264 
0.81216536763 0.76900667794 
0.81055434403 0.77652132316 
0.80889044152 0.78403576191 
0.80717381459 0.79154950906 
0.80612281933 0.79605590106 
0.80541935370 0.79904723541 
0.80363457169 0.80652165497 
0.80179759866 0.81399475311 
0.79990859288 0.82146606166 
0.79803076600 0.82869750360 
0.79796893003 0.82893394898 
0.79601444086 0.83636405363 
0.79400845467 0.84379177935 
0.79195113338 0.85121667372 
0.78984264286 0.85863828859 
0.78898263454 0.86162709014 
0.78770668263 0.86603477911 
0.78553576414 0.87341331719 
0.78331421429 0.88078803441 
0.78104220238 0.88815849709 
0.77894744107 0.89481408605 
0.77872382911 0.89552086039 
0.77639208256 0.90284659862 
0.77401041476 0.91016757522 
0.77157899839 0.91748337018 
0.76909800979 0.92479356745 
0.76791216645 0.92824635259 
0.76658976500 0.93207954946 
0.76405211393 0.93934341023 
0.76146543429 0.94660120741 
0.75882990546 0.95385253785 
0.75614571025 0.96109700224 
0.75584891406 0.96189368099 
0.75345148890 0.96830428467 
0.75071371132 0.97550093081 
0.74792781390 0.98269028369 
0.74509398203 0.98987195637 
0.74274279196 0.99574032189 
0.74222050914 0.99703953234 
0.73933582202 1.00417204414 
0.73640375036 1.01129647713 
0.73342448183 1.01841245645 
0.73039820704 1.02551961098 
0.72857175139 1.02976078007 
0.72734353817 1.03260459989 
0.72426950698 1.03966133425 
0.72114902136 1.04670888104 
0.71798227358 1.05374688090 
0.71476945855 1.06077497820 
0.71331475772 1.06392934986 
0.71153663387 1.06777558902 
0.70827916667 1.07475212308 
0.70497618486 1.08171842662 
0.70162788435 1.08867415550 
0.69823446345 1.09561896925 
0.69695298603 1.09822217623 
0.69482621381 1.10253356805 
0.69139124725 1.10942578894 
0.68791171241 1.11630680070 
0.68438780794 1.12317627409 
0.68081973463 1.13003388346 
0.67946759281 1.13261430080 
0.67723846489 1.13686097768 
0.67363195096 1.14366507560 
0.66998181838 1.15045704860 
0.66628826772 1.15723658195 
0.66255150146 1.16400336445 
0.66083978469 1.16707963327 
0.65879927219 1.17074158689 
0.65502716478 1.17745404795 
0.65121238870 1.18415352944 
0.64735514567 1.19083973073 
0.64345563913 1.19751235456 
0.64105088550 1.20159092229 
0.63953414793 1.20416044611 
0.63560239010 1.21077804452 
0.63162891123 1.21738186797 
0.62761391354 1.22397162942 
0.62355760080 1.23054704512 
0.62008240383 1.23611972759 
0.61946816412 1.23710383583 
0.61538267639 1.24362362528 
0.61125641054 1.25012890160 
0.60708956874 1.25661939084 
0.60288235454 1.26309482220 
0.59863497292 1.26955492809 
0.59791817377 1.27064079795 
0.59439256056 1.27597851497 
0.59011938846 1.28238262313 
0.58580657605 1.28877127364 
0.58145432623 1.29514420816 
0.57706284315 1.30150117139 
0.57454061012 1.30512490025 
0.57265601252 1.30783154252 
0.56824177072 1.31413211971 
0.56378881536 1.32041662100 
0.55929734827 1.32668479993 
0.55476757242 1.33293641301 
0.55019969187 1.33917121965 
0.54993064968 1.33953741887 
0.54564685961 1.34536750909 
0.54105953529 1.35154579656 
0.53643461428 1.35770720485 
0.53177229803 1.36385150169 
0.52707278897 1.36997845763 
0.52407541500 1.37385664594 
0.52235729260 1.37607987388 
0.51764131274 1.38215011866 
0.51288863938 1.38820297473 
0.50809947217 1.39423822055 
0.50327401236 1.40025563706 
0.49841246860 1.40625500557 
0.49695583981 1.40804427328 
0.49355608816 1.41222176865 
0.48868111113 1.41816457847 
