6.00882227882 0.58433734940 
6.10725611858 0.62302695900 
6.19802927905 0.66064257028 
6.28318530718 0.69770244776 
0.07539822369 0.73201355801 
0.15345446010 0.76907630522 
0.23437617732 0.80923694779 
0.31182732540 0.84939759036 
0.38607571810 0.88955823293 
0.45735921584 0.92971887550 
0.52778756580 0.97102209564 
0.59825118403 1.01405622490 
0.66151202549 1.05421686747 
0.72852340981 1.09839357430 
0.78719120692 1.13855421687 
0.84948249995 1.18273092369 
0.90477868423 1.22333439190 
0.96232906417 1.26706827309 
1.01852192486 1.31124497992 
1.07287051090 1.35542168675 
