0.45735921584 0.58433734940 
0.45735921584 0.62302695900 
0.45735921584 0.66064257028 
0.45735921584 0.69770244776 
0.45735921584 0.73201355801 
0.45735921584 0.76907630522 
0.45735921584 0.80923694779 
0.45735921584 0.84939759036 
0.45735921584 0.88955823293 
0.45735921584 0.92971887550 
0.45735921584 0.97102209564 
0.45735921584 1.01405622490 
0.45735921584 1.05421686747 
0.45735921584 1.09839357430 
0.45735921584 1.13855421687 
0.45735921584 1.18273092369 
0.45735921584 1.22333439190 
0.45735921584 1.26706827309 
0.45735921584 1.31124497992 
0.45735921584 1.35542168675 
