0.80424771932 0.58193801329 
0.92991142546 0.61705988761 
1.05557513161 0.65432139452 
1.17775265139 0.69277108434 
1.28623767350 0.72891566265 
1.40014540198 0.76907630522 
1.50773537335 0.80923694779 
1.60849543864 0.84903746022 
1.70558808672 0.88955823293 
1.79678634169 0.92971887550 
1.88495559215 0.97058314291 
1.97356480792 1.01405622490 
2.05879139468 1.05823293173 
2.13628300444 1.10060767551 
2.21168122813 1.14390771092 
2.28707945181 1.18942267971 
2.35869615702 1.23493975904 
2.42483483094 1.27911646586 
2.48814138164 1.32336978357 
2.55347340755 1.37148594378 
