0.44335452431 0.23116393700 
0.44293729853 0.24049686609 
0.44276956522 0.24341462833 
0.44234488046 0.24985525877 
0.44172399760 0.25750251640 
0.44156741369 0.25925194481 
0.44063749321 0.26862784099 
0.44029435835 0.27171906712 
0.43954696242 0.27799641799 
0.43846774193 0.28605167106 
0.43827888829 0.28738238884 
0.43687418799 0.29672159258 
0.43625715343 0.30050436095 
0.43530993546 0.30604904111 
0.43363467415 0.31505403239 
0.43357063570 0.31538470589 
0.43171554359 0.32464628321 
0.43062490766 0.32971422419 
0.42969163140 0.33390625954 
0.42750974408 0.34314826676 
0.42719065252 0.34445326597 
0.42520932914 0.35232318152 
0.42334656620 0.35927812984 
0.42273632138 0.36149708370 
0.42013735796 0.37061373157 
0.41907821492 0.37417303796 
0.41739748451 0.37969110301 
0.41448972559 0.38875773290 
0.41437096473 0.38912023648 
0.41149078954 0.39773132755 
0.40924047785 0.40412985407 
0.40832016706 0.40669687581 
0.40503065429 0.41559952246 
0.40366322670 0.41917520290 
0.40160998777 0.42445206517 
0.39803186306 0.43327863477 
0.39763256978 0.43424402395 
0.39436871429 0.44201234774 
0.39115437588 0.44933769200 
0.39053346841 0.45073198794 
0.38661131945 0.45936235879 
0.38421933142 0.46444138870 
0.38254179207 0.46795565811 
0.37835296207 0.47648782346 
0.37681685409 0.47953730447 
0.37405628054 0.48495015777 
0.36960891808 0.49337552481 
0.36894318165 0.49461483360 
0.36509203045 0.50170273262 
0.36059670288 0.50966612601 
0.36040136065 0.51000843249 
0.35566416450 0.51820162192 
0.35177743978 0.52468610630 
0.35076000960 0.52636657282 
0.34578777379 0.53443602125 
0.34247415862 0.53965292254 
0.34067642976 0.54245697068 
0.33547786437 0.55039604326 
0.33268345905 0.55455484167 
0.33016537178 0.55827009038 
0.32474930800 0.56607267701 
0.32240204124 0.56937984784 
0.31924143471 0.57379724187 
0.31361679683 0.58145774603 
0.31162672465 0.58411563254 
0.30791902304 0.58903053887 
0.30209480213 0.59654386539 
0.30035446754 0.59874958603 
0.29621230765 0.60396285606 
0.29019753673 0.61132439817 
0.28858238729 0.61326878986 
0.28413519033 0.61858778578 
0.27793892118 0.62579341137 
0.27630778127 0.62766001065 
0.27170127198 0.63289959432 
0.26533255339 0.63994563160 
0.26352814838 0.64190969513 
0.25892382420 0.64689317797 
0.25239168169 0.65377640073 
0.25024121108 0.65600396639 
0.24581576408 0.66056401924 
0.23912918114 0.66728163162 
0.23644493785 0.66992862145 
0.23238963226 0.67390814308 
0.22555753286 0.68045776411 
0.22213756609 0.68366913015 
0.21865757390 0.68692207358 
0.21168880636 0.69330172148 
0.20731762525 0.69721063526 
0.20463132248 0.69960279096 
0.19753464464 0.70581086735 
0.19198396028 0.71053795402 
0.19032218632 0.71194768930 
0.18310625194 0.71798296327 
0.17613575525 0.72363558094 
0.17574103772 0.72395453475 
0.16841438397 0.72981612700 
0.16093047472 0.73561438746 
0.15977491828 0.73649857609 
0.15346934051 0.74130879164 
0.14588652051 0.74693062732 
0.14289954864 0.74910566762 
0.13828096025 0.75245966559 
0.13060750276 0.75790503592 
0.12550890207 0.76143647361 
0.12285861766 0.76326769342 
0.11510264198 0.76853685637 
0.10760362143 0.77347421040 
0.10721122189 0.77373201773 
0.09938068549 0.77882551437 
0.09140718053 0.78384495183 
0.08918697504 0.78522085615 
0.08344990898 0.78877058139 
0.07541303364 0.79361375082 
0.07025788111 0.79664522998 
0.06731811970 0.79837173872 
0.05922546268 0.80303985944 
0.05099743769 0.80762844119 
0.05081791145 0.80772757241 
0.04285162640 0.81212326633 
0.03457859116 0.81653723988 
0.03087041729 0.81847528522 
0.02629822179 0.82086398730 
0.01798735382 0.82510516528 
0.01041611996 0.82884485804 
0.00957149228 0.82926203297 
0.00122977277 0.83333242593 
-0.00723639839 0.83731812842 
-0.01054176872 0.83884314282 
-0.01568855181 0.84121918055 
-0.02417553835 0.84503577914 
-0.03200037697 0.84843419588 
-0.03276245566 0.84876550826 
-0.04126372625 0.85241549187 
-0.04988199797 0.85597751670 
-0.05395701154 0.85762213957 
-0.05849642684 0.85945739006 
-0.06711950378 0.86285524945 
-0.07585538888 0.86616268612 
-0.07640695745 0.86636882905 
-0.08449133503 0.86939803327 
-0.09322286968 0.87254419209 
-0.09934794546 0.87468017333 
-0.10199397291 0.87560579159 
-0.11071536114 0.87859378629 
-0.11954236041 0.88148934982 
-0.12277440758 0.88252455358 
-0.12832993258 0.88431128739 
-0.13713823550 0.88705217509 
-0.14604808324 0.88969888403 
-0.14668114475 0.88988407806 
-0.15484829791 0.89228588410 
-0.16373123967 0.89478175019 
-0.17106521142 0.89675524258 
-0.17267051308 0.89718986607 
-0.18152148461 0.89953845530 
-0.19046716394 0.90179194886 
-0.19592019802 0.90311388311 
-0.19941726807 0.90396816755 
-0.20832332945 0.90607868194 
-0.21732017792 0.90809298973 
-0.22123975909 0.90894072795 
-0.22627904440 0.91004106479 
-0.23522886220 0.91191698815 
-0.24426553047 0.91369583801 
-0.24701803012 0.91422057068 
-0.25323150811 0.91541920316 
-0.26221382423 0.91706459019 
-0.27127894646 0.91861231264 
-0.27324899697 0.91893830317 
-0.28025050767 0.92011415256 
-0.28925381448 0.92153374448 
-0.29833565111 0.92285541601 
-0.29992668561 0.92307942267 
-0.30731105975 0.92413879793 
-0.31632330672 0.92533818367 
-0.32540958851 0.92643976007 
-0.32704542860 0.92663050908 
-0.33438706858 0.92750763664 
-0.34339622754 0.92849314185 
-0.35247532003 0.92938110898 
-0.35459969258 0.92957832091 
-0.36145488574 0.93023563333 
-0.37045131893 0.93101338162 
-0.37951469986 0.93169365947 
-0.38258266451 0.93190622350 
-0.38849960735 0.93233533731 
-0.39747635999 0.93291080523 
-0.40651721829 0.93338895278 
-0.41098576314 0.93359415102 
-0.41551100416 0.93381754514 
-0.42446039297 0.93419679445 
-0.43347054997 0.93447926119 
-0.43980052716 0.93462369482 
-0.44247552276 0.93469449978 
-0.45138924308 0.93488426760 
-0.46036063516 0.93497787788 
-0.46901843204 0.93497724314 
-0.46937993302 0.93497860216 
-0.47825134627 0.93498522815 
-0.48717794473 0.93489617275 
-0.49615878110 0.93471033039 
-0.49863574588 0.93464684212 
-0.50504085277 0.93450878354 
-0.51391837906 0.93424251581 
-0.52284806418 0.93387985696 
-0.52863550452 0.93359955778 
-0.53175545956 0.93346161195 
-0.54058024176 0.93302329759 
-0.54945508142 0.93248906938 
-0.55837897660 0.93185793255 
-0.55900393086 0.93181169050 
-0.56716131552 0.93124439576 
-0.57597720938 0.93054413585 
-0.58483984071 0.92974771028 
-0.58973508330 0.92927379545 
-0.59365755909 0.92891211302 
-0.60240984940 0.92805183540 
-0.61120643194 0.92709633566 
-0.62004619319 0.92604480243 
-0.62080724365 0.92595174846 
-0.62874687699 0.92501957805 
-0.63747234270 0.92391164200 
-0.64623850458 0.92270884764 
-0.65221746576 0.92184189826 
-0.65498149903 0.92145506031 
-0.66363077167 0.92020161846 
-0.67231831691 0.91885460520 
-0.68104303304 0.91741333893 
-0.68394812052 0.91691865481 
-0.68967521971 0.91597398366 
-0.69827937803 0.91448992082 
-0.70691842080 0.91291301151 
-0.71559127020 0.91124262796 
-0.71598691749 0.91116528554 
-0.72411624358 0.90962194843 
-0.73266531871 0.90791664918 
-0.74124607872 0.90611936701 
-0.74832901788 0.90457439240 
-0.74982438298 0.90425696242 
-0.75827958831 0.90243048808 
-0.76676448633 0.90051355368 
-0.77527806463 0.89850561262 
-0.78095798907 0.89712369845 
-0.78375798044 0.89645974511 
-0.79214362878 0.89443032626 
-0.80055612476 0.89231147949 
-0.80899448352 0.89010270008 
-0.81386097745 0.88879607114 
-0.81738141159 0.88787374232 
-0.82568991891 0.88565107856 
-0.83402260540 0.88334010844 
-0.84237851282 0.88094036718 
-0.84702571778 0.87957523407 
-0.85067833832 0.87852726056 
-0.85890288831 0.87612108883 
-0.86714911441 0.87362781306 
-0.87541608442 0.87104700653 
-0.88043910094 0.86944411574 
-0.88363504203 0.86844726068 
-0.89176952750 0.86586732417 
-0.89992334184 0.86320155860 
-0.90809557869 0.86044957329 
-0.91408709677 0.85838491963 
-0.91624012855 0.85765927317 
-0.92427909981 0.85491529347 
-0.93233520051 0.85208682429 
-0.94040755017 0.84917350892 
-0.94795468254 0.84637919792 
-0.94848426615 0.84618732532 
-0.95642288615 0.84328897599 
-0.96437657718 0.84030753337 
-0.97234448473 0.83724267263 
-0.98032574856 0.83409407786 
-0.98203277427 0.83341386645 
-0.98819395821 0.83101075604 
-0.99604111059 0.82788598911 
-1.00390058215 0.82467927881 
-1.01177153926 0.82139033864 
-1.01630213605 0.81946687717 
-1.01958697372 0.81810136351 
-1.02732399037 0.81484281685 
-1.03507155830 0.81150384073 
-1.04282887060 0.80808417599 
-1.05059511565 0.80458357171 
-1.05074290201 0.80451658648 
-1.05822177147 0.80119691268 
-1.06585446204 0.79773512107 
-1.07349527976 0.79419421216 
-1.08114344019 0.79057396002 
-1.08535193016 0.78855433512 
-1.08873220004 0.78696540007 
-1.09624750256 0.78339009105 
-1.10376943326 0.77973726005 
-1.11129723456 0.77600670446 
-1.11883014496 0.77219822945 
-1.12009992483 0.77155161690 
-1.12624988027 0.76848390584 
-1.13365095509 0.76472830693 
-1.14105653808 0.76089662299 
-1.14846589321 0.75698868303 
-1.15497724200 0.75349481506 
-1.15586159731 0.75302993276 
-1.16314022112 0.74918057436 
-1.17042208273 0.74525680674 
-1.17770646530 0.74125849179 
-1.18499264506 0.73718550519 
-1.18996843234 0.73436578555 
-1.19223800886 0.73310585425 
-1.19939486190 0.72909910951 
-1.20655300825 0.72501967214 
-1.21371171380 0.72086750554 
-1.22087022446 0.71664261339 
-1.22505442535 0.71414412388 
-1.22797507321 0.71243587290 
-1.23500538400 0.70828562429 
-1.24203478916 0.70406522056 
-1.24906241368 0.69977498152 
-1.25608731416 0.69541537265 
-1.26022900481 0.69281675822 
-1.26305859402 0.69107819400 
-1.26995467163 0.68680541097 
-1.27684632455 0.68246810910 
-1.28373212608 0.67806788628 
-1.29061042503 0.67360685251 
-1.29552105654 0.67038728947 
-1.29744620704 0.66915191799 
-1.30418880069 0.66480393181 
-1.31091883843 0.66040782724 
-1.31763310893 0.65596947389 
-1.32432772090 0.65149640584 
-1.33099793697 0.64699825907 
-1.33110687195 0.64692506499 
-1.33753258401 0.64270667959 
-1.34403076918 0.63842139071 
-1.35048583376 0.63415782134 
-1.35688743793 0.62994001046 
-1.36321618353 0.62581278107 
