1.79678634169 0.58193801329 
1.79678634169 0.61705988761 
1.79678634169 0.65432139452 
1.79678634169 0.69277108434 
1.79678634169 0.72891566265 
1.79678634169 0.76907630522 
1.79678634169 0.80923694779 
1.79678634169 0.84903746022 
1.79678634169 0.88955823293 
1.79678634169 0.92971887550 
1.79678634169 0.97058314291 
1.79678634169 1.01405622490 
1.79678634169 1.05823293173 
1.79678634169 1.10060767551 
1.79678634169 1.14390771092 
1.79678634169 1.18942267971 
1.79678634169 1.23493975904 
1.79678634169 1.27911646586 
1.79678634169 1.32336978357 
1.79678634169 1.37148594378 
